id,1,2,3,4,5,6,7,8,9,10,11,12
1,0,5,10,15,20,25,30,35,40,45,50,55
2,5,5,15,20,25,30,35,40,45,50,55,60
3,10,15,10,25,30,35,40,45,50,55,60,65
4,15,20,25,15,35,40,45,50,55,60,65,70
5,20,25,30,35,20,45,50,55,60,65,70,75
6,25,30,35,40,45,25,55,60,65,70,75,80
7,30,35,40,45,50,55,30,65,70,75,80,85
8,35,40,45,50,55,60,65,35,75,80,85,90
9,40,45,50,55,60,65,70,75,40,85,90,95
10,45,50,55,60,65,70,75,80,85,45,95,100
11,50,55,60,65,70,75,80,85,90,95,50,105
12,55,60,65,70,75,80,85,90,95,100,105,55
